-2.926409e-03
-2.280686e-01
-8.460546e-01
-1.620561e+00
-2.064346e+00
-1.762452e+00
-6.950469e-01
6.950669e-01
1.762484e+00
2.064362e+00
1.620600e+00
8.460958e-01
2.281101e-01
3.154665e-03
6.474015e-02
1.442064e-01
7.696694e-02
-7.712942e-02
-1.445250e-01
-6.467384e-02
-2.926409e-03
-2.280686e-01
-8.460546e-01
-1.620561e+00
-2.064346e+00
-1.762452e+00
-6.950469e-01
6.950669e-01
1.762484e+00
2.064362e+00
1.620600e+00
8.460958e-01
2.281101e-01
3.154665e-03
6.474015e-02
1.442064e-01
7.696694e-02
-7.712942e-02
-1.445250e-01
-6.467384e-02
-2.926409e-03
-2.280686e-01
-8.460546e-01
-1.620561e+00
-2.064346e+00
-1.762452e+00
-6.950469e-01
6.950669e-01
1.762484e+00
2.064362e+00
1.620600e+00
8.460958e-01
2.281101e-01
3.154665e-03
6.474015e-02
1.442064e-01
7.696694e-02
-7.712942e-02
-1.445250e-01
-6.467384e-02
-2.926409e-03
-2.280686e-01
-8.460546e-01
-1.620561e+00
-2.064346e+00
-1.762452e+00
-6.950469e-01
6.950669e-01
1.762484e+00
2.064362e+00
1.620600e+00
8.460958e-01
2.281101e-01
3.154665e-03
6.474015e-02
1.442064e-01
7.696694e-02
-7.712942e-02
-1.445250e-01
-6.467384e-02
-2.926409e-03
-2.280686e-01
-8.460546e-01
-1.620561e+00
-2.064346e+00
-1.762452e+00
-6.950469e-01
6.950669e-01
1.762484e+00
2.064362e+00
1.620600e+00
8.460958e-01
2.281101e-01
3.154665e-03
6.474015e-02
1.442064e-01
7.696694e-02
-7.712942e-02
-1.445250e-01
-6.467384e-02
-2.926409e-03
-2.280686e-01
-8.460546e-01
-1.620561e+00
-2.064346e+00
-1.762452e+00
-6.950469e-01
6.950669e-01
1.762484e+00
2.064362e+00
1.620600e+00
8.460958e-01
2.281101e-01
3.154665e-03
6.474015e-02
1.442064e-01
7.696694e-02
-7.712942e-02
-1.445250e-01
-6.467384e-02
-2.926409e-03
-2.280686e-01
-8.460546e-01
-1.620561e+00
-2.064346e+00
-1.762452e+00
-6.950469e-01
6.950669e-01
1.762484e+00
2.064362e+00
1.620600e+00
8.460958e-01
2.281101e-01
3.154665e-03
6.474015e-02
1.442064e-01
7.696694e-02
-7.712942e-02
-1.445250e-01
-6.467384e-02
-2.926409e-03
-2.280686e-01
-8.460546e-01
-1.620561e+00
-2.064346e+00
-1.762452e+00
-6.950469e-01
6.950669e-01
1.762484e+00
2.064362e+00
1.620600e+00
8.460958e-01
2.281101e-01
3.154665e-03
6.474015e-02
1.442064e-01
7.696694e-02
-7.712942e-02
-1.445250e-01
-6.467384e-02
-2.926409e-03
-2.280686e-01
-8.460546e-01
-1.620561e+00
-2.064346e+00
-1.762452e+00
-6.950469e-01
6.950669e-01
1.762484e+00
2.064362e+00
1.620600e+00
8.460958e-01
2.281101e-01
3.154665e-03
6.474015e-02
1.442064e-01
7.696694e-02
-7.712942e-02
-1.445250e-01
-6.467384e-02
-2.926409e-03
-2.280686e-01
-8.460546e-01
-1.620561e+00
-2.064346e+00
-1.762452e+00
-6.950469e-01
6.950669e-01
1.762484e+00
2.064362e+00
1.620600e+00
8.460958e-01
2.281101e-01
3.154665e-03
6.474015e-02
1.442064e-01
7.696694e-02
-7.712942e-02
-1.445250e-01
-6.467384e-02
-2.926409e-03
-2.280686e-01
-8.460546e-01
-1.620561e+00
-2.064346e+00
-1.762452e+00
-6.950469e-01
6.950669e-01
1.762484e+00
2.064362e+00
1.620600e+00
8.460958e-01
2.281101e-01
3.154665e-03
6.474015e-02
1.442064e-01
7.696694e-02
-7.712942e-02
-1.445250e-01
-6.467384e-02
-2.926409e-03
-2.280686e-01
-8.460546e-01
-1.620561e+00
-2.064346e+00
-1.762452e+00
-6.950469e-01
6.950669e-01
1.762484e+00
2.064362e+00
1.620600e+00
8.460958e-01
2.281101e-01
3.154665e-03
6.474015e-02
1.442064e-01
7.696694e-02
-7.712942e-02
-1.445250e-01
-6.467384e-02
-2.926409e-03
-2.280686e-01
-8.460546e-01
-1.620561e+00
-2.064346e+00
-1.762452e+00
-6.950469e-01
6.950669e-01
1.762484e+00
2.064362e+00
1.620600e+00
8.460958e-01
2.281101e-01
3.154665e-03
6.474015e-02
1.442064e-01
7.696694e-02
-7.712942e-02
-1.445250e-01
-6.467384e-02
-2.926409e-03
-2.280686e-01
-8.460546e-01
-1.620561e+00
-2.064346e+00
-1.762452e+00
-6.950469e-01
6.950669e-01
1.762484e+00
2.064362e+00
1.620600e+00
8.460958e-01
2.281101e-01
3.154665e-03
6.474015e-02
1.442064e-01
7.696694e-02
-7.712942e-02
-1.445250e-01
-6.467384e-02
-2.926409e-03
-2.280686e-01
-8.460546e-01
-1.620561e+00
-2.064346e+00
-1.762452e+00
-6.950469e-01
6.950669e-01
1.762484e+00
2.064362e+00
1.620600e+00
8.460958e-01
2.281101e-01
3.154665e-03
6.474015e-02
1.442064e-01
7.696694e-02
-7.712942e-02
-1.445250e-01
-6.467384e-02
-2.926409e-03
-2.280686e-01
-8.460546e-01
-1.620561e+00
-2.064346e+00
-1.762452e+00
-6.950469e-01
6.950669e-01
1.762484e+00
2.064362e+00
1.620600e+00
8.460958e-01
2.281101e-01
3.154665e-03
6.474015e-02
1.442064e-01
7.696694e-02
-7.712942e-02
-1.445250e-01
-6.467384e-02
-2.926409e-03
-2.280686e-01
-8.460546e-01
-1.620561e+00
-2.064346e+00
-1.762452e+00
-6.950469e-01
6.950669e-01
1.762484e+00
2.064362e+00
1.620600e+00
8.460958e-01
2.281101e-01
3.154665e-03
6.474015e-02
1.442064e-01
7.696694e-02
-7.712942e-02
-1.445250e-01
-6.467384e-02
-2.926409e-03
-2.280686e-01
-8.460546e-01
-1.620561e+00
-2.064346e+00
-1.762452e+00
-6.950469e-01
6.950669e-01
1.762484e+00
2.064362e+00
1.620600e+00
8.460958e-01
2.281101e-01
3.154665e-03
6.474015e-02
1.442064e-01
7.696694e-02
-7.712942e-02
-1.445250e-01
-6.467384e-02
-2.926409e-03
-2.280686e-01
-8.460546e-01
-1.620561e+00
-2.064346e+00
-1.762452e+00
-6.950469e-01
6.950669e-01
1.762484e+00
2.064362e+00
1.620600e+00
8.460958e-01
2.281101e-01
3.154665e-03
6.474015e-02
1.442064e-01
7.696694e-02
-7.712942e-02
-1.445250e-01
-6.467384e-02
-2.926409e-03
-2.280686e-01
-8.460546e-01
-1.620561e+00
-2.064346e+00
-1.762452e+00
-6.950469e-01
6.950669e-01
1.762484e+00
2.064362e+00
1.620600e+00
8.460958e-01
2.281101e-01
3.154665e-03
6.474015e-02
1.442064e-01
7.696694e-02
-7.712942e-02
-1.445250e-01
-6.467384e-02
-2.926409e-03
-2.280686e-01
-8.460546e-01
-1.620561e+00
-2.064346e+00
-1.762452e+00
-6.950469e-01
6.950669e-01
1.762484e+00
2.064362e+00
1.620600e+00
8.460958e-01
2.281101e-01
3.154665e-03
6.474015e-02
1.442064e-01
7.696694e-02
-7.712942e-02
-1.445250e-01
-6.467384e-02
-2.926409e-03
-2.280686e-01
-8.460546e-01
-1.620561e+00
-2.064346e+00
-1.762452e+00
-6.950469e-01
6.950669e-01
1.762484e+00
2.064362e+00
1.620600e+00
8.460958e-01
2.281101e-01
3.154665e-03
6.474015e-02
1.442064e-01
7.696694e-02
-7.712942e-02
-1.445250e-01
-6.467384e-02
-2.926409e-03
-2.280686e-01
-8.460546e-01
-1.620561e+00
-2.064346e+00
-1.762452e+00
-6.950469e-01
6.950669e-01
1.762484e+00
2.064362e+00
1.620600e+00
8.460958e-01
2.281101e-01
3.154665e-03
6.474015e-02
1.442064e-01
7.696694e-02
-7.712942e-02
-1.445250e-01
-6.467384e-02
-2.926409e-03
-2.280686e-01
-8.460546e-01
-1.620561e+00
-2.064346e+00
-1.762452e+00
-6.950469e-01
6.950669e-01
1.762484e+00
2.064362e+00
1.620600e+00
8.460958e-01
2.281101e-01
3.154665e-03
6.474015e-02
1.442064e-01
7.696694e-02
-7.712942e-02
-1.445250e-01
-6.467384e-02
-2.926409e-03
-2.280686e-01
-8.460546e-01
-1.620561e+00
-2.064346e+00
-1.762452e+00
-6.950469e-01
6.950669e-01
1.762484e+00
2.064362e+00
1.620600e+00
8.460958e-01
2.281101e-01
3.154665e-03
6.474015e-02
1.442064e-01
7.696694e-02
-7.712942e-02
-1.445250e-01
-6.467384e-02
-2.926409e-03
-2.280686e-01
-8.460546e-01
-1.620561e+00
-2.064346e+00
-1.762452e+00
-6.950469e-01
6.950669e-01
1.762484e+00
2.064362e+00
1.620600e+00
8.460958e-01
2.281101e-01
3.154665e-03
6.474015e-02
1.442064e-01
7.696694e-02
-7.712942e-02
-1.445250e-01
-6.467384e-02
-2.926409e-03
-2.280686e-01
-8.460546e-01
-1.620561e+00
-2.064346e+00
-1.762452e+00
-6.950469e-01
6.950669e-01
1.762484e+00
2.064362e+00
1.620600e+00
8.460958e-01
2.281101e-01
3.154665e-03
6.474015e-02
1.442064e-01
7.696694e-02
-7.712942e-02
-1.445250e-01
-6.467384e-02
-2.926409e-03
-2.280686e-01
-8.460546e-01
-1.620561e+00
-2.064346e+00
-1.762452e+00
-6.950469e-01
6.950669e-01
1.762484e+00
2.064362e+00
1.620600e+00
8.460958e-01
2.281101e-01
3.154665e-03
6.474015e-02
1.442064e-01
7.696694e-02
-7.712942e-02
-1.445250e-01
-6.467384e-02
-2.926409e-03
-2.280686e-01
-8.460546e-01
-1.620561e+00
-2.064346e+00
-1.762452e+00
-6.950469e-01
6.950669e-01
1.762484e+00
2.064362e+00
1.620600e+00
8.460958e-01
2.281101e-01
3.154665e-03
6.474015e-02
1.442064e-01
7.696694e-02
-7.712942e-02
-1.445250e-01
-6.467384e-02
-2.926409e-03
-2.280686e-01
-8.460546e-01
-1.620561e+00
-2.064346e+00
-1.762452e+00
-6.950469e-01
6.950669e-01
1.762484e+00
2.064362e+00
1.620600e+00
8.460958e-01
2.281101e-01
3.154665e-03
6.474015e-02
1.442064e-01
7.696694e-02
-7.712942e-02
-1.445250e-01
-6.467384e-02
